// DATASET_2 ORB X_train: 29% - wrong data;  71% - correct data


0.03943181037902832
0.0407557487487793
0.03990745544433594
0.0400998592376709
0.038005828857421875
0.03813457489013672
0.03831744194030762
0.03751373291015625
0.03948020935058594
0.03847908973693848
0.03878951072692871
0.03952765464782715
0.04805469512939453
0.04074978828430176
0.039350032806396484
0.03832244873046875
0.037969350814819336
0.03803586959838867
0.03790593147277832
0.03782176971435547
0.03772759437561035
0.03773069381713867
0.038202762603759766
0.038227081298828125
0.03907632827758789
0.04096031188964844
0.05646061897277832
0.05499696731567383
0.044344186782836914
0.037841081619262695
0.03827977180480957
0.040445804595947266
0.038327693939208984
0.038050174713134766
0.03768157958984375
0.03818988800048828
0.03837752342224121
0.038286685943603516
0.03865551948547363
0.03843045234680176
0.043229103088378906
0.04411053657531738
0.03790712356567383
0.03741931915283203
0.037961483001708984
0.015820026397705078
0.011877059936523438
0.012022972106933594
0.012133359909057617
0.012142181396484375
0.012314796447753906
0.016264915466308594
0.04933285713195801
0.045571088790893555
0.037618160247802734
0.0379335880279541
0.03796076774597168
0.038289785385131836
0.03808856010437012
0.03877830505371094
0.0372309684753418
0.0386357307434082
0.03798246383666992
0.03777503967285156
0.037840843200683594
0.038074493408203125
0.03766369819641113
0.03790593147277832
0.03802943229675293
0.03759026527404785
0.03770589828491211
0.03878045082092285
0.04394674301147461
0.04175114631652832
0.0377202033996582
0.03797578811645508
0.03814268112182617
0.038205623626708984
0.038121938705444336
0.03828835487365723
0.03801727294921875
0.038121700286865234
0.03749799728393555
0.03780770301818848
0.03797578811645508
0.03818345069885254
0.03799700736999512
0.03864932060241699
0.038314104080200195
0.037747859954833984
0.03847146034240723
0.03843951225280762
0.04220080375671387
0.03814363479614258
0.038012027740478516
0.03886580467224121
0.038835763931274414
0.03773951530456543
0.038486480712890625
0.03871798515319824
0.04473423957824707
0.03772449493408203
0.039197444915771484
0.03922724723815918
0.0493776798248291
0.04133939743041992
0.039533376693725586
0.04002189636230469
0.04732108116149902
0.03939199447631836
0.03889608383178711
0.03908681869506836
0.03914380073547363
0.04593610763549805
0.045072078704833984
0.05350780487060547
0.03825521469116211
0.0618741512298584
0.045380353927612305
0.04602241516113281
0.03976893424987793
0.04414105415344238
0.03936123847961426
0.05943775177001953
0.04729485511779785
0.04092001914978027
0.03883504867553711
0.055320024490356445
0.06395697593688965
0.0432436466217041
0.04043984413146973
0.05600571632385254
0.04760336875915527
0.04047250747680664
0.04002523422241211
0.04228782653808594
0.04017972946166992
0.041059255599975586
0.03850579261779785
0.03944110870361328
0.03959369659423828
0.03969264030456543
0.0406498908996582
0.03924560546875
0.039566993713378906
0.03920936584472656
0.039026498794555664
0.04213905334472656
0.04448699951171875
0.05053353309631348
0.04713249206542969
0.03949260711669922
0.050301313400268555
0.06431126594543457
0.04889321327209473
0.039510488510131836
0.05049562454223633
0.040004730224609375
0.04773092269897461
0.040302276611328125
0.04166221618652344
0.04001641273498535
0.046422719955444336
0.03868603706359863
0.04097342491149902
0.048593759536743164
0.04981827735900879
0.03951907157897949
0.04493141174316406
0.03931856155395508
0.042073965072631836
0.050330162048339844
0.04667472839355469
0.04189562797546387
0.03975701332092285
0.04122209548950195
0.04794192314147949
0.04094219207763672
0.041913509368896484
0.04179883003234863
0.04821586608886719
0.04279017448425293
0.04026913642883301
0.04683566093444824
0.05063986778259277
0.0489499568939209
0.04188108444213867
0.04122662544250488
0.05641984939575195
0.05530524253845215
0.04242658615112305
0.043288469314575195
0.05002784729003906
0.04331493377685547
0.0428624153137207
0.04728555679321289
0.05396437644958496
0.04301738739013672
0.04088258743286133
0.051451921463012695
0.048985958099365234
0.04439973831176758
0.04810476303100586
0.05025291442871094
0.05545163154602051
0.046959638595581055
0.048193931579589844
0.04798269271850586
0.052217960357666016
0.04344630241394043
0.050878047943115234
0.05234956741333008
0.04204106330871582
0.04398822784423828
0.052655696868896484
0.05574536323547363
0.04250288009643555
0.041988372802734375
0.04915022850036621
0.05129599571228027
0.04210472106933594
0.04374527931213379
0.06199049949645996
0.06329822540283203
0.05344796180725098
0.04981184005737305
0.04089856147766113
0.04322457313537598
0.0504450798034668
0.0518186092376709
0.04690980911254883
0.04500389099121094
0.05134320259094238
0.04895520210266113
0.047509193420410156
0.0445253849029541
0.04555082321166992
0.0451655387878418
0.04984307289123535
0.0400850772857666
0.04017329216003418
0.04566025733947754
0.04924798011779785
0.042234182357788086
0.041153907775878906
0.05018281936645508
0.050348758697509766
0.040602684020996094
0.040252685546875
0.044808149337768555
0.04193615913391113
0.04361724853515625
0.04093217849731445
0.039560556411743164
0.04684734344482422
0.04179215431213379
0.04456019401550293
0.04047679901123047
0.04559659957885742
0.041262149810791016
0.055153846740722656
0.04247593879699707
0.053658485412597656
0.04178118705749512
0.04634833335876465
0.04229307174682617
0.043558359146118164
0.04329037666320801
0.04687905311584473
0.04383373260498047
0.054071903228759766
0.047174692153930664
0.04288792610168457
0.04394650459289551
0.05717277526855469
0.04267287254333496
0.04388427734375
0.045090675354003906
0.0424349308013916
0.04336857795715332
0.05168437957763672
0.044156789779663086
0.04545187950134277
0.04418492317199707
0.04621767997741699
0.048552513122558594
0.04510068893432617
0.043851613998413086
0.04108619689941406
0.04895377159118652
0.051775455474853516
0.04100775718688965
0.04195570945739746
0.04142951965332031
0.04298067092895508
0.045601844787597656
0.04323220252990723
0.04907727241516113
0.05076885223388672
0.04343080520629883
0.04513192176818848
0.05110955238342285
0.043081045150756836
0.051575422286987305
0.05439305305480957
0.044495582580566406
0.05012369155883789
0.05551743507385254
0.05361461639404297
0.04167342185974121
0.05366802215576172
0.041626691818237305
0.04324007034301758
0.04394245147705078
0.04588627815246582
0.04439377784729004
0.0530397891998291
0.05054068565368652
0.042360782623291016
0.04327869415283203
0.04152369499206543
0.043976783752441406
0.047043561935424805
0.042519569396972656
0.04405474662780762
0.04437899589538574
0.042937278747558594
0.044530391693115234
0.057532548904418945
0.043699026107788086
0.046390533447265625
0.04527854919433594
0.0498812198638916
0.041785478591918945
0.050934791564941406
0.04566621780395508
0.04291367530822754
0.04975390434265137
0.04038238525390625
0.04311203956604004
0.04669070243835449
0.04433608055114746
0.043256282806396484
0.04346752166748047
0.0423281192779541
0.045064687728881836
0.04259085655212402
0.04394245147705078
0.043089866638183594
0.044736385345458984
0.047686100006103516
0.04337000846862793
0.049399614334106445
0.04462623596191406
0.042586326599121094
0.04456329345703125
0.05042386054992676
0.04035162925720215
0.040041208267211914
0.04014253616333008
0.04999566078186035
0.043398380279541016
0.04421496391296387
0.04238319396972656
0.04959750175476074
0.04864215850830078
0.04271817207336426
0.042916059494018555
0.043373823165893555
0.04257345199584961
0.04342770576477051
0.04328513145446777
0.04265880584716797
0.046041250228881836
0.045000314712524414
0.045786142349243164
0.04781508445739746
0.04551529884338379
0.04741168022155762
0.06614136695861816
0.044836997985839844
0.04544687271118164
0.05206465721130371
0.0455930233001709
0.04476642608642578
0.04593801498413086
0.05970597267150879
0.04681873321533203
0.04698538780212402
0.04356575012207031
0.05216407775878906
0.04339337348937988
0.0581817626953125
0.04442286491394043
0.04930615425109863
0.04513859748840332
0.042299509048461914
0.04522418975830078
0.04110360145568848
0.04048013687133789
0.04064679145812988
0.040326833724975586
0.040059804916381836
0.046792030334472656
0.047817230224609375
0.03993511199951172
0.04000711441040039
0.04005265235900879
0.05258464813232422
0.04145526885986328
0.0534062385559082
0.039919376373291016
0.042092323303222656
0.04168510437011719
0.04108023643493652
0.04032540321350098
0.052376508712768555
0.04056048393249512
0.041579246520996094
0.047537803649902344
0.04088091850280762
0.040140390396118164
0.04833698272705078
0.04194974899291992
0.04314899444580078
0.051972389221191406
0.04323744773864746
0.042276859283447266
0.04288220405578613
0.047792911529541016
0.049723148345947266
0.04022789001464844
0.04073286056518555
0.04130363464355469
0.04623079299926758
0.039731502532958984
0.04569220542907715
0.039459943771362305
0.03893089294433594
0.04048609733581543




// DATASET_1 ORB X_train: 29% - wrong data;  71% - correct data

0.047490835189819336
0.05210161209106445
0.05796480178833008
0.05404853820800781
0.048553466796875
0.052687883377075195
0.055863142013549805
0.06772303581237793
0.06576871871948242
0.05914115905761719
0.0534820556640625
0.06487751007080078
0.07110404968261719
0.06177091598510742
0.05631446838378906
0.04270458221435547
0.04036211967468262
0.04415178298950195
0.046210527420043945
0.04487490653991699
0.04104280471801758
0.039495229721069336
0.03819561004638672
0.009799003601074219
0.009682655334472656
0.037061214447021484
0.03970479965209961
0.042928457260131836
0.07284379005432129
0.07581448554992676
0.06622195243835449
0.04953932762145996
0.0642542839050293
0.05219769477844238
0.048682212829589844
0.04431295394897461
0.04059553146362305
0.03769636154174805
0.011187553405761719
0.010560274124145508
0.009309768676757812
0.009548187255859375
0.010381698608398438
0.010675907135009766
0.00977635383605957
0.01018977165222168
0.014444351196289062
0.011078834533691406
0.009372949600219727
0.0112152099609375
0.011574506759643555
0.011237859725952148
0.009358406066894531
0.010367155075073242
0.013072967529296875
0.00923299789428711
0.009905338287353516
0.03614664077758789
0.01096653938293457
0.009209156036376953
0.01197361946105957
0.010511398315429688
0.010632514953613281
0.009644508361816406
0.012251615524291992
0.009267330169677734
0.03758406639099121
0.011041879653930664
0.011906862258911133
0.009593486785888672
0.012290000915527344
0.03637433052062988
0.042200326919555664
0.04305267333984375
0.041033029556274414
0.041671037673950195
0.04350090026855469
0.04061126708984375
0.037287235260009766
0.03890800476074219
0.03816342353820801
0.038303375244140625
0.037322044372558594
0.03875732421875
0.040111541748046875
0.03996777534484863
0.04068922996520996
0.04436516761779785
0.045583486557006836
0.04474496841430664
0.04615926742553711
0.04376649856567383
0.044829607009887695
0.042172908782958984
0.04076337814331055
0.05045056343078613
0.05538225173950195
0.011968374252319336
0.011472463607788086
0.011675357818603516
0.010762453079223633
0.011924028396606445
0.011894702911376953
0.010125875473022461
0.009306907653808594
0.010430097579956055
0.011270999908447266
0.010222673416137695
0.010640621185302734
0.012742996215820312
0.011958837509155273
0.00916600227355957
0.010051965713500977
0.03934335708618164
0.04410886764526367
0.04360651969909668
0.04591870307922363
0.043607473373413086
0.04547619819641113
0.047019243240356445
0.048058271408081055
0.04576611518859863
0.05268216133117676
0.0491335391998291
0.05230379104614258
0.05466127395629883
0.055731773376464844
0.05496668815612793
0.053119659423828125
0.05721759796142578
0.05464291572570801
0.04906797409057617
0.05400729179382324
0.05111861228942871
0.04867053031921387
0.04336261749267578
0.04122805595397949
0.04486870765686035
0.0474400520324707
0.04649543762207031
0.05086207389831543
0.05014848709106445
0.04765939712524414
0.04940295219421387
0.052716970443725586
0.05465507507324219
0.050232887268066406
0.05607724189758301
0.050838470458984375
0.05372023582458496
0.04688453674316406
0.05208420753479004
0.056629180908203125
0.051900625228881836
0.05209040641784668
0.05646347999572754
0.05091714859008789
0.055741310119628906
0.05473685264587402
0.04965472221374512
0.05471301078796387
0.04792428016662598
0.04932069778442383
0.04739880561828613
0.044194936752319336
0.04608416557312012
0.04431319236755371
0.042317867279052734
0.03729653358459473
0.0388331413269043
0.03774857521057129
0.042135000228881836
0.04552578926086426
0.03957247734069824
0.04165792465209961
0.010194540023803711
0.009794473648071289
0.009599447250366211
0.00964975357055664
0.03925442695617676
0.00987696647644043
0.010365486145019531
0.010758161544799805
0.010467767715454102
0.009520530700683594
0.01122283935546875
0.010621070861816406
0.010826587677001953
0.00976419448852539
0.011074304580688477
0.009264230728149414
0.012760639190673828
0.040140390396118164
0.03911256790161133
0.04725289344787598
0.054532766342163086
0.054340362548828125
0.0493772029876709
0.0517268180847168
0.05754685401916504
0.05963706970214844
0.04774761199951172
0.055603981018066406
0.059172630310058594
0.056011199951171875
0.05253243446350098
0.055823326110839844
0.06218099594116211
0.05661964416503906
0.046501874923706055
0.03869462013244629
0.03926539421081543
0.010222673416137695
0.009651660919189453
0.010138273239135742
0.012646198272705078
0.010051488876342773
0.036885976791381836
0.03738832473754883
0.03975319862365723
0.0382082462310791
0.03769946098327637
0.03823232650756836
0.04252791404724121
0.04311084747314453
0.04371929168701172
0.04421114921569824
0.04552030563354492
0.046015262603759766
0.04873847961425781
0.05059313774108887
0.04942727088928223
0.0529475212097168
0.0499112606048584
0.04900217056274414
0.051894187927246094
0.049169301986694336
0.05777740478515625
0.053406715393066406
0.051761627197265625
0.05042147636413574
0.050899505615234375
0.04726123809814453
0.047757625579833984
0.051111698150634766
0.05111408233642578
0.0507810115814209
0.04563164710998535
0.04599404335021973
0.05095171928405762
0.04709672927856445
0.05440974235534668
0.04668474197387695
0.04432058334350586
0.04071164131164551
0.04060673713684082
0.053307294845581055
0.049019813537597656
0.03755927085876465
0.010360479354858398
0.00960850715637207
0.018404483795166016
0.02146768569946289
0.05194568634033203
0.012159109115600586
0.013015031814575195
0.03713536262512207
0.03783369064331055
0.041779279708862305
0.049291372299194336
0.049161672592163086
0.049488067626953125
0.05302739143371582
0.05257987976074219
0.051583051681518555
0.05128836631774902
0.05436062812805176
0.0530393123626709
0.04649853706359863
0.04505801200866699
0.04855203628540039
0.049706459045410156
0.04793810844421387
0.043741703033447266
0.04190635681152344
0.042150259017944336
0.03871798515319824
0.040035247802734375
0.037789344787597656
0.04047036170959473
0.039884328842163086
0.03963184356689453
0.03727984428405762
0.03985881805419922
0.012406587600708008
0.037047624588012695
0.04312920570373535
0.03766751289367676
0.04095649719238281
0.04087495803833008
0.04085278511047363
0.04027533531188965
0.03926348686218262
0.01072549819946289
0.010366678237915039
0.010236024856567383
0.011800527572631836
0.009461402893066406
0.009245157241821289
0.010108232498168945
0.011228799819946289
0.010066032409667969
0.010291337966918945
0.009662866592407227
0.01143026351928711
0.01158285140991211
0.010225772857666016
0.01020956039428711
0.012047290802001953
0.010541200637817383
0.035901546478271484
0.01000070571899414
0.011153459548950195
0.010388612747192383
0.010552644729614258
0.013864994049072266
0.04619240760803223
0.05351376533508301
0.04526925086975098
0.041439056396484375
0.04451179504394531
0.04426860809326172
0.042101383209228516
0.04500746726989746
0.04786491394042969
0.05191516876220703
0.04616737365722656
0.04566669464111328
0.045923709869384766
0.03867816925048828
0.03827238082885742
0.03890061378479004
0.01360011100769043
0.010454893112182617
0.010326385498046875
0.012816667556762695
0.03826451301574707
0.03712272644042969
0.03800559043884277
0.03984951972961426
0.03998231887817383
0.037871360778808594
0.04145646095275879
0.04042935371398926
0.04213094711303711
0.03948974609375
0.03774857521057129
0.04009532928466797
0.040229082107543945
0.03867173194885254
0.03757905960083008
0.04069089889526367
0.04135489463806152
0.04060173034667969
0.03950309753417969
0.04326367378234863
0.0479891300201416
0.050780296325683594
0.04570364952087402
0.043335676193237305
0.04755353927612305
0.04364371299743652
0.03998422622680664
0.040314435958862305
0.03986382484436035
0.03629183769226074
0.012035608291625977
0.011355400085449219
0.0493621826171875
0.03919243812561035
0.03896069526672363
0.040911197662353516
0.05748605728149414
0.042407989501953125
0.04065823554992676
0.03879737854003906
0.04030609130859375
0.040444374084472656
0.03879070281982422
0.04181194305419922
0.04343771934509277
0.04474353790283203
0.04399442672729492
0.04522109031677246
0.04496049880981445
0.04573774337768555
0.04827284812927246
0.04014396667480469
0.040578603744506836
0.03777170181274414
0.010541439056396484
0.009036540985107422
0.009642601013183594
0.010702371597290039
0.010652780532836914
0.01129913330078125
0.010194063186645508
0.011133432388305664
0.009629011154174805
0.009059429168701172
0.009388446807861328
0.012769222259521484
0.010253667831420898
0.036396026611328125
0.03867745399475098
0.04149174690246582
0.0397646427154541
0.0437779426574707
0.041461944580078125
0.04476642608642578
0.045792341232299805
0.049483299255371094
0.04821324348449707
0.04727959632873535
0.05480551719665527
0.055600881576538086
0.05755972862243652
0.057276248931884766
0.051949262619018555
0.05251359939575195
0.047803640365600586
0.04538774490356445
0.046402931213378906
0.04496908187866211
0.04228067398071289
0.04042840003967285
0.038134098052978516
0.037812232971191406
0.03953218460083008
0.009654045104980469
0.009502887725830078
0.010399103164672852
0.010732650756835938
0.009206056594848633
0.009062767028808594
0.01089930534362793
0.010908365249633789
0.00981450080871582
0.009661436080932617
0.011194467544555664
0.009350776672363281
0.009219646453857422
0.03576183319091797
0.038056373596191406
0.03978776931762695
0.04513096809387207
0.042552947998046875
0.04531359672546387
0.04294013977050781
0.046057701110839844
0.046888113021850586
0.04513978958129883
0.04504537582397461
0.0442357063293457
0.042418479919433594
0.042320966720581055
0.043660879135131836
0.03783154487609863
0.0375821590423584
0.010684728622436523
0.010288000106811523
0.01026463508605957
0.010017871856689453
0.010334253311157227
0.010780096054077148
0.010395526885986328
0.010055780410766602
0.010115861892700195
0.010499715805053711
0.009554624557495117
0.010488271713256836
0.03734087944030762
0.010627985000610352
0.01071023941040039
0.010591983795166016
0.010254621505737305
0.010274887084960938
0.008947610855102539
0.009670734405517578
0.009620428085327148


// DATASET_1 ORB X_train: 29% - wrong data;  71% - correct data PREDICT TIME







0.007072925567626953
0.006963253021240234
0.006865501403808594
0.0070078372955322266
0.007119417190551758
0.007073163986206055
0.006941556930541992
0.007047891616821289
0.00686335563659668
0.00676274299621582
0.007020235061645508
0.006981611251831055
0.006918191909790039
0.006870269775390625
0.006827592849731445
0.008014678955078125
0.006918191909790039
0.0069272518157958984
0.006966114044189453
0.006857395172119141
0.006883382797241211
0.007066488265991211
0.006970882415771484
0.010297298431396484
0.007251739501953125
0.006958723068237305
0.006787776947021484
0.0069522857666015625
0.006876230239868164
0.006923198699951172
0.006959438323974609
0.00682520866394043
0.006934165954589844
0.007103443145751953
0.006940364837646484
0.007081270217895508
0.007044315338134766
0.00686335563659668
0.007878541946411133
0.008088111877441406
0.00801396369934082
0.008028984069824219
0.008180618286132812
0.00801992416381836
0.0075531005859375
0.008513689041137695
0.00817418098449707
0.008436441421508789
0.007876396179199219
0.00911569595336914
0.00799417495727539
0.007891416549682617
0.007269382476806641
0.009918928146362305
0.00877237319946289
0.007903099060058594
0.007504701614379883
0.007108926773071289
0.008266448974609375
0.00840139389038086
0.007914543151855469
0.008564949035644531
0.008168458938598633
0.008153915405273438
0.008231401443481445
0.007807254791259766
0.006895780563354492
0.00769495964050293
0.00838923454284668
0.008160829544067383
0.008138656616210938
0.006842613220214844
0.0068340301513671875
0.006977558135986328
0.006982326507568359
0.007157325744628906
0.00708770751953125
0.007094383239746094
0.006838321685791016
0.007186174392700195
0.006768226623535156
0.0070192813873291016
0.007112979888916016
0.007052183151245117
0.006925344467163086
0.006968021392822266
0.007067441940307617
0.006964683532714844
0.0072040557861328125
0.0069119930267333984
0.00704503059387207
0.00694584846496582
0.00690007209777832
0.006861209869384766
0.00696110725402832
0.006908416748046875
0.0069239139556884766
0.0095672607421875
0.007951974868774414
0.007962942123413086
0.008818387985229492
0.008250713348388672
0.007372617721557617
0.009373188018798828
0.008867502212524414
0.008246898651123047
0.00769352912902832
0.009452342987060547
0.008399248123168945
0.010251283645629883
0.008034706115722656
0.007975101470947266
0.010005950927734375
0.007715702056884766
0.0070934295654296875
0.007077455520629883
0.011452674865722656
0.010849475860595703
0.007036447525024414
0.009517431259155273
0.00716090202331543
0.011683940887451172
0.0072574615478515625
0.007204532623291016
0.006935834884643555
0.007134675979614258
0.007039546966552734
0.007274627685546875
0.007188320159912109
0.007204532623291016
0.006899595260620117
0.006798982620239258
0.006944417953491211
0.007102012634277344
0.007204532623291016
0.0070111751556396484
0.007222890853881836
0.00695037841796875
0.007143974304199219
0.007043123245239258
0.00726771354675293
0.007120370864868164
0.0070116519927978516
0.01101231575012207
0.007287025451660156
0.0071680545806884766
0.0068018436431884766
0.006850719451904297
0.007044315338134766
0.007040262222290039
0.007047414779663086
0.007392168045043945
0.0069580078125
0.006926298141479492
0.0074005126953125
0.006978750228881836
0.0070607662200927734
0.0071086883544921875
0.006901741027832031
0.006823301315307617
0.006968021392822266
0.006919384002685547
0.006870269775390625
0.007014036178588867
0.0072367191314697266
0.006994009017944336
0.007054805755615234
0.0076868534088134766
0.007074117660522461
0.0069103240966796875
0.006852149963378906
0.006977081298828125
0.006918907165527344
0.007230520248413086
0.0072383880615234375
0.007924079895019531
0.007994413375854492
0.0078051090240478516
0.007919549942016602
0.0069119930267333984
0.007719993591308594
0.008136272430419922
0.007318019866943359
0.008168220520019531
0.010395526885986328
0.007458686828613281
0.0078051090240478516
0.008463144302368164
0.008010149002075195
0.010701894760131836
0.007571220397949219
0.0097503662109375
0.007218599319458008
0.007178783416748047
0.0069658756256103516
0.007407426834106445
0.0069293975830078125
0.006992340087890625
0.0070819854736328125
0.00705409049987793
0.007289886474609375
0.007121086120605469
0.0070343017578125
0.007042646408081055
0.007055521011352539
0.007012367248535156
0.0071904659271240234
0.0068509578704833984
0.007021665573120117
0.007074594497680664
0.007094621658325195
0.0069849491119384766
0.008067846298217773
0.010566234588623047
0.011416912078857422
0.007358074188232422
0.009781837463378906
0.00691533088684082
0.007041215896606445
0.0068721771240234375
0.007033586502075195
0.007058620452880859
0.007021665573120117
0.010240316390991211
0.006900310516357422
0.00712275505065918
0.007208347320556641
0.007431507110595703
0.007329702377319336
0.006880998611450195
0.006839752197265625
0.0070722103118896484
0.007007598876953125
0.006948232650756836
0.007322072982788086
0.007090330123901367
0.007391452789306641
0.006943941116333008
0.007101774215698242
0.0071964263916015625
0.006826639175415039
0.007086038589477539
0.007126569747924805
0.006987571716308594
0.007267475128173828
0.0069141387939453125
0.006867408752441406
0.006960153579711914
0.007061004638671875
0.0070154666900634766
0.007207155227661133
0.0072193145751953125
0.007393360137939453
0.006966829299926758
0.006928205490112305
0.0069348812103271484
0.0069463253021240234
0.007065296173095703
0.006966829299926758
0.010617733001708984
0.011846542358398438
0.007837772369384766
0.008191585540771484
0.007337093353271484
0.009221553802490234
0.008016109466552734
0.007158517837524414
0.00891423225402832
0.007027149200439453
0.007205486297607422
0.007222890853881836
0.007451295852661133
0.006997823715209961
0.007120609283447266
0.007036924362182617
0.006932735443115234
0.007036924362182617
0.0070705413818359375
0.0068933963775634766
0.0071065425872802734
0.006967067718505859
0.006881237030029297
0.007094860076904297
0.007396697998046875
0.0071332454681396484
0.007151365280151367
0.0070705413818359375
0.007061004638671875
0.0068359375
0.007455110549926758
0.00696873664855957
0.007036924362182617
0.006957054138183594
0.006960630416870117
0.009408235549926758
0.006821632385253906
0.01077580451965332
0.007017612457275391
0.007084846496582031
0.0074155330657958984
0.006915092468261719
0.007015228271484375
0.006993532180786133
0.00799417495727539
0.007329225540161133
0.007661581039428711
0.007704734802246094
0.007426261901855469
0.007226228713989258
0.00800466537475586
0.0073354244232177734
0.007447957992553711
0.008527517318725586
0.007770538330078125
0.007416725158691406
0.007215023040771484
0.00714564323425293
0.007206439971923828
0.007482051849365234
0.007390260696411133
0.007092475891113281
0.007670164108276367
0.007232666015625
0.007220268249511719
0.0074961185455322266
0.00783395767211914
0.0067942142486572266
0.007090568542480469
0.006872653961181641
0.006884574890136719
0.007203340530395508
0.006983518600463867
0.00711512565612793
0.00687861442565918
0.006897449493408203
0.0070536136627197266
0.006900310516357422
0.010972738265991211
0.006781816482543945
0.007002592086791992
0.006796598434448242
0.006844282150268555
0.007918119430541992
0.007544517517089844
0.007404327392578125
0.007612466812133789
0.006873130798339844
0.006943702697753906
0.007108211517333984
0.006870269775390625
0.0071027278900146484
0.006829023361206055
0.006977558135986328
0.006968498229980469
0.006919384002685547
0.00773310661315918
0.006907463073730469
0.006800174713134766
0.007515907287597656
0.006836891174316406
0.007077693939208984
0.006844282150268555
0.006838321685791016
0.0138397216796875
0.006858110427856445
0.006944179534912109
0.006897926330566406
0.006801128387451172
0.008747339248657227
0.0068359375
0.0069732666015625
0.006944179534912109
0.006879568099975586
0.006910800933837891
0.006989717483520508
0.007076263427734375
0.008272171020507812
0.008199214935302734
0.0069620609283447266
0.006838083267211914
0.006979227066040039
0.007218122482299805
0.006917715072631836
0.006894588470458984
0.0071527957916259766
0.006961822509765625
0.006845712661743164
0.007073640823364258
0.006983757019042969
0.006971597671508789
0.00722193717956543
0.006928682327270508
0.0068836212158203125
0.0071277618408203125
0.006908416748046875
0.0069730281829833984
0.006966590881347656
0.006974220275878906
0.006949186325073242
0.007091999053955078
0.007276296615600586
0.00816202163696289
0.007292032241821289
0.00779271125793457
0.0075893402099609375
0.00823831558227539
0.007273197174072266
0.008219242095947266
0.008088111877441406
0.009451627731323242
0.0078012943267822266
0.007816314697265625
0.007906913757324219
0.006944179534912109
0.006942272186279297
0.007003307342529297
0.006842613220214844
0.006878376007080078
0.00690007209777832
0.007056474685668945
0.006865262985229492
0.007256984710693359
0.007122993469238281
0.006886959075927734
0.006875276565551758
0.006908893585205078
0.007076263427734375
0.00751042366027832
0.006924867630004883
0.008006811141967773
0.006850004196166992
0.006890535354614258
0.007116794586181641
0.0069162845611572266
0.00685429573059082
0.0070209503173828125
0.006871223449707031
0.006903171539306641
0.007014036178588867
0.009321928024291992
0.009532451629638672
0.008626461029052734
0.008563518524169922
0.008209466934204102
0.007581233978271484
0.008666515350341797
0.009331464767456055
0.008371353149414062
0.007364511489868164
0.008806228637695312
0.009516477584838867
0.010386943817138672
0.007286787033081055
0.006880283355712891
0.007434368133544922
0.00690150260925293
0.008264303207397461
0.006910562515258789
0.006863594055175781
0.006989717483520508
0.007007122039794922
0.007132291793823242
0.006901741027832031
0.007012605667114258
0.007006645202636719
0.007017850875854492
0.006899833679199219
0.007142543792724609
0.007116079330444336
0.008368492126464844
0.007748842239379883
0.00783681869506836
0.007873296737670898
0.007822036743164062
0.007976531982421875
0.007313728332519531
0.010106563568115234
0.007059335708618164
0.007725238800048828
0.007915019989013672
0.010205507278442383
0.00715327262878418
0.008443117141723633
0.00784611701965332
0.00816488265991211
0.008066892623901367
0.0073451995849609375
0.007319450378417969
0.007353782653808594
0.007544517517089844

// DATASET_2 ORB X_train: 29% - wrong data;  71% - correct data PREDICT TIME

0.007086277008056641
0.006899356842041016
0.007105112075805664
0.00706791877746582
0.007086992263793945
0.006978511810302734
0.007121562957763672
0.007004499435424805
0.006901264190673828
0.007292985916137695
0.006947994232177734
0.007139921188354492
0.006966352462768555
0.0071315765380859375
0.007229328155517578
0.0070285797119140625
0.008018255233764648
0.00705718994140625
0.006896495819091797
0.009100198745727539
0.010597467422485352
0.007054805755615234
0.007017374038696289
0.007057905197143555
0.0072689056396484375
0.006925106048583984
0.006926059722900391
0.00717926025390625
0.006985187530517578
0.0071315765380859375
0.007193565368652344
0.006911754608154297
0.0074520111083984375
0.007094860076904297
0.006978511810302734
0.007204532623291016
0.007342815399169922
0.00709223747253418
0.007070302963256836
0.0072345733642578125
0.009616613388061523
0.0072286128997802734
0.0071566104888916016
0.006810665130615234
0.006859779357910156
0.0069887638092041016
0.011533260345458984
0.007816314697265625
0.00794076919555664
0.00787043571472168
0.011543750762939453
0.007897615432739258
0.01144719123840332
0.007034778594970703
0.006978034973144531
0.007010459899902344
0.007500171661376953
0.007020235061645508
0.007127523422241211
0.007419109344482422
0.006922721862792969
0.007128238677978516
0.007050514221191406
0.006957530975341797
0.00682377815246582
0.006941080093383789
0.006971597671508789
0.006930112838745117
0.007178306579589844
0.007031440734863281
0.007027626037597656
0.006903886795043945
0.007292985916137695
0.007096529006958008
0.007006168365478516
0.0072934627532958984
0.007010459899902344
0.006933927536010742
0.006867408752441406
0.00698542594909668
0.006893634796142578
0.007342815399169922
0.0070514678955078125
0.00708770751953125
0.007188081741333008
0.007109642028808594
0.0070018768310546875
0.007276773452758789
0.007179975509643555
0.006846904754638672
0.006886005401611328
0.006897687911987305
0.0070040225982666016
0.0069732666015625
0.006991386413574219
0.008065223693847656
0.0069615840911865234
0.006899118423461914
0.006887197494506836
0.007226705551147461
0.007062435150146484
0.006997585296630859
0.00712132453918457
0.0069429874420166016
0.00708770751953125
0.007131099700927734
0.0071258544921875
0.006821155548095703
0.009042739868164062
0.0070192813873291016
0.0075342655181884766
0.007149457931518555
0.006911516189575195
0.007143974304199219
0.007189273834228516
0.007387399673461914
0.007146358489990234
0.007009267807006836
0.0071675777435302734
0.00702977180480957
0.007016658782958984
0.0072214603424072266
0.007024049758911133
0.007320404052734375
0.007181882858276367
0.00706791877746582
0.007360935211181641
0.007405757904052734
0.007158041000366211
0.0070803165435791016
0.007056474685668945
0.007016420364379883
0.007444620132446289
0.007079601287841797
0.007280826568603516
0.0071222782135009766
0.007133960723876953
0.007216215133666992
0.0070188045501708984
0.007092714309692383
0.0069217681884765625
0.006919384002685547
0.0071032047271728516
0.0068759918212890625
0.0071332454681396484
0.007052421569824219
0.006951093673706055
0.007053375244140625
0.009331941604614258
0.007073640823364258
0.0072405338287353516
0.007554054260253906
0.006933927536010742
0.007109642028808594
0.00706171989440918
0.007063150405883789
0.007081747055053711
0.00707554817199707
0.0069468021392822266
0.007353782653808594
0.007109880447387695
0.007241964340209961
0.006941318511962891
0.007251739501953125
0.007169961929321289
0.007174015045166016
0.007122516632080078
0.007017374038696289
0.0069696903228759766
0.007157325744628906
0.007163286209106445
0.0069429874420166016
0.006914615631103516
0.0070302486419677734
0.00751042366027832
0.007104158401489258
0.007049560546875
0.008366823196411133
0.007395029067993164
0.006939411163330078
0.006909370422363281
0.0070683956146240234
0.0071790218353271484
0.007081270217895508
0.006897449493408203
0.0070188045501708984
0.007428646087646484
0.007181406021118164
0.007175922393798828
0.007223367691040039
0.007228374481201172
0.007142305374145508
0.007000446319580078
0.007064342498779297
0.007254362106323242
0.0069925785064697266
0.00712132453918457
0.007359743118286133
0.00715184211730957
0.007137775421142578
0.007102489471435547
0.006982326507568359
0.006943225860595703
0.006946086883544922
0.007008552551269531
0.007096767425537109
0.006949901580810547
0.0068912506103515625
0.0069386959075927734
0.010179519653320312
0.0073680877685546875
0.0071163177490234375
0.007471323013305664
0.0072019100189208984
0.006994009017944336
0.007086038589477539
0.012167215347290039
0.007081747055053711
0.00709223747253418
0.007799863815307617
0.007181644439697266
0.007084846496582031
0.006919384002685547
0.007012367248535156
0.007042407989501953
0.007281780242919922
0.006906270980834961
0.007110118865966797
0.007250308990478516
0.007147550582885742
0.00700068473815918
0.007250070571899414
0.0076105594635009766
0.007045745849609375
0.0071947574615478516
0.007321834564208984
0.007142066955566406
0.007164478302001953
0.007126808166503906
0.00697636604309082
0.0071370601654052734
0.006954669952392578
0.006998777389526367
0.007719516754150391
0.0072286128997802734
0.0072019100189208984
0.00685429573059082
0.007359981536865234
0.006947755813598633
0.007042407989501953
0.007589101791381836
0.007011890411376953
0.007065296173095703
0.007029056549072266
0.006882429122924805
0.006977558135986328
0.007028102874755859
0.007235050201416016
0.007075786590576172
0.007035732269287109
0.0070705413818359375
0.007088899612426758
0.007028102874755859
0.006987333297729492
0.0070056915283203125
0.0069522857666015625
0.0071103572845458984
0.00704193115234375
0.007164955139160156
0.007062435150146484
0.0072710514068603516
0.007259368896484375
0.007006168365478516
0.00701594352722168
0.007125377655029297
0.0074977874755859375
0.006967306137084961
0.0070955753326416016
0.007118701934814453
0.00706934928894043
0.00700831413269043
0.0069370269775390625
0.00682520866394043
0.006960630416870117
0.0070950984954833984
0.007111549377441406
0.00701451301574707
0.006961822509765625
0.0070612430572509766
0.007065534591674805
0.007100820541381836
0.006943225860595703
0.0068912506103515625
0.00704503059387207
0.006928682327270508
0.007048130035400391
0.007424592971801758
0.007165431976318359
0.007197380065917969
0.007399320602416992
0.007112741470336914
0.007450580596923828
0.007092475891113281
0.0069735050201416016
0.0072329044342041016
0.007193088531494141
0.0071239471435546875
0.007045269012451172
0.007069587707519531
0.007301807403564453
0.006995201110839844
0.007541179656982422
0.007133960723876953
0.0071294307708740234
0.007104396820068359
0.0069925785064697266
0.011452198028564453
0.00738072395324707
0.007048845291137695
0.007044553756713867
0.006862640380859375
0.006976604461669922
0.006953239440917969
0.007013559341430664
0.007121086120605469
0.007131338119506836
0.0070343017578125
0.007118940353393555
0.0069065093994140625
0.00700068473815918
0.007114410400390625
0.007136106491088867
0.0070955753326416016
0.007284641265869141
0.007228851318359375
0.007153749465942383
0.006849765777587891
0.0071904659271240234
0.007030963897705078
0.007271528244018555
0.007077693939208984
0.0070340633392333984
0.006989479064941406
0.007129669189453125
0.00693964958190918
0.0069239139556884766
0.00696253776550293
0.006953239440917969
0.0069615840911865234
0.0070073604583740234
0.007150888442993164
0.0069162845611572266
0.006988525390625
0.007181882858276367
0.0069065093994140625
0.006921529769897461
0.007458209991455078
0.007363557815551758
0.007245302200317383
0.006952762603759766
0.007101297378540039
0.007216691970825195
0.007157802581787109
0.007137298583984375
0.006878376007080078
0.0070531368255615234
0.007193326950073242
0.006987571716308594
0.007166385650634766
0.007105588912963867
0.0071218013763427734
0.006968975067138672
0.006922245025634766
0.007593631744384766
0.006882905960083008
0.00984334945678711
0.006944894790649414
0.00719141960144043
0.006979227066040039
0.007153511047363281
0.00695490837097168
0.007195949554443359
0.006963014602661133
0.0069692134857177734
0.006969451904296875
0.007130861282348633
0.00745391845703125
0.0071103572845458984
0.00745081901550293
0.00699162483215332
0.007271528244018555
0.007143259048461914
0.007165431976318359
0.007124185562133789
0.0069849491119384766
0.007104635238647461
0.00701594352722168
0.007121562957763672
0.007292509078979492
0.0071756839752197266
0.007344722747802734
0.00758051872253418
0.007142543792724609
0.007368803024291992
0.007239341735839844
0.007082223892211914
0.007135152816772461
0.0071866512298583984
0.006996631622314453
0.006857872009277344
0.00708770751953125
0.0070612430572509766
0.0069484710693359375
0.007146596908569336
0.007151126861572266
0.006996631622314453
0.009030580520629883
0.007325887680053711
0.00740361213684082
0.007055759429931641
0.007116794586181641
0.006970643997192383
0.007579326629638672
0.007206439971923828
0.008039712905883789
0.007351398468017578
0.008571624755859375
0.00823354721069336
0.007487058639526367
0.007218360900878906
0.013538599014282227
0.010399580001831055
0.008660554885864258
0.007415771484375
0.007655620574951172
0.008102178573608398
0.007462263107299805
0.00755620002746582
0.008141517639160156
0.007498502731323242
0.0073816776275634766


// DATASET_2 ORB X_train: 29% - wrong data;  71% - correct data HIST TIME



0.03159213066101074
0.04158830642700195
0.03149843215942383
0.03371572494506836
0.03383588790893555
0.03595733642578125
0.03457474708557129
0.03002166748046875
0.029839277267456055
0.03557729721069336
0.03654742240905762
0.03550457954406738
0.03147244453430176
0.03609800338745117
0.0365147590637207
0.03734731674194336
0.03193402290344238
0.03737688064575195
0.03696155548095703
0.0379481315612793
0.030575275421142578
0.040711164474487305
0.041390180587768555
0.02997446060180664
0.03101944923400879
0.03834128379821777
0.03580188751220703
0.031108856201171875
0.03996682167053223
0.03877067565917969
0.039783477783203125
0.03018331527709961
0.0373682975769043
0.036339759826660156
0.033621788024902344
0.030953168869018555
0.039273977279663086
0.036533355712890625
0.03598141670227051
0.03559422492980957
0.03535938262939453
0.03576517105102539
0.03617596626281738
0.03377676010131836
0.03743600845336914
0.03688311576843262
0.004699230194091797
0.004099130630493164
0.004130363464355469
0.005780220031738281
0.004025936126708984
0.004063844680786133
0.004380464553833008
0.03918576240539551
0.030536890029907227
0.039608001708984375
0.031133174896240234
0.047362327575683594
0.03946805000305176
0.0389857292175293
0.03248167037963867
0.03325200080871582
0.034879446029663086
0.03911757469177246
0.030947446823120117
0.03700423240661621
0.030932188034057617
0.037047624588012695
0.030581235885620117
0.03730964660644531
0.03063035011291504
0.036669015884399414
0.03677630424499512
0.039534807205200195
0.03050541877746582
0.03866839408874512
0.03944087028503418
0.04005002975463867
0.030163049697875977
0.03941655158996582
0.04004478454589844
0.03985023498535156
0.031066417694091797
0.03998589515686035
0.039370059967041016
0.030498981475830078
0.0314638614654541
0.042870283126831055
0.04217529296875
0.03660440444946289
0.03117847442626953
0.03212285041809082
0.03128647804260254
0.03174281120300293
0.03176069259643555
0.03101062774658203
0.03176259994506836
0.03233003616333008
0.03161215782165527
0.03186368942260742
0.03150033950805664
0.032755374908447266
0.031919002532958984
0.033547401428222656
0.03200268745422363
0.03200650215148926
0.03156590461730957
0.03130221366882324
0.032827138900756836
0.034334659576416016
0.03281688690185547
0.03189396858215332
0.0438687801361084
0.032157182693481445
0.03506922721862793
0.032843589782714844
0.032811641693115234
0.03205513954162598
0.044551849365234375
0.033647775650024414
0.03322148323059082
0.03274679183959961
0.044569969177246094
0.033309221267700195
0.03562355041503906
0.03433036804199219
0.03494453430175781
0.0327296257019043
0.03335261344909668
0.03359556198120117
0.03282022476196289
0.03504157066345215
0.033709049224853516
0.03499412536621094
0.03424787521362305
0.034743547439575195
0.03328561782836914
0.034499406814575195
0.0348963737487793
0.033067941665649414
0.03337287902832031
0.03316521644592285
0.033495187759399414
0.03535008430480957
0.03333330154418945
0.034041643142700195
0.03288888931274414
0.03270602226257324
0.03465461730957031
0.033113956451416016
0.03459906578063965
0.03358864784240723
0.033838510513305664
0.03601646423339844
0.03333020210266113
0.03926849365234375
0.03307652473449707
0.044196367263793945
0.040932416915893555
0.034384727478027344
0.04065704345703125
0.04503154754638672
0.03381943702697754
0.04023456573486328
0.032568931579589844
0.034450531005859375
0.04221034049987793
0.05109047889709473
0.03341412544250488
0.0335230827331543
0.0421907901763916
0.043245792388916016
0.03558206558227539
0.03396272659301758
0.037695884704589844
0.04100632667541504
0.03350114822387695
0.0340733528137207
0.03500056266784668
0.048362016677856445
0.0399785041809082
0.03535342216491699
0.03827619552612305
0.04256796836853027
0.0375673770904541
0.0349729061126709
0.03678417205810547
0.04746294021606445
0.03652334213256836
0.03897213935852051
0.036485910415649414
0.04532003402709961
0.037090301513671875
0.03858137130737305
0.036075592041015625
0.04562640190124512
0.03684067726135254
0.03700709342956543
0.035477638244628906
0.03408050537109375
0.03711438179016113
0.03459334373474121
0.03421354293823242
0.03362870216369629
0.033679962158203125
0.03529238700866699
0.03494548797607422
0.03443717956542969
0.0347902774810791
0.03609609603881836
0.038355112075805664
0.044915199279785156
0.03611302375793457
0.04209423065185547
0.04706454277038574
0.047110557556152344
0.04475522041320801
0.03661751747131348
0.04498147964477539
0.04497838020324707
0.04485511779785156
0.03601360321044922
0.0447993278503418
0.04416656494140625
0.044007301330566406
0.03384876251220703
0.04460334777832031
0.03890180587768555
0.04330945014953613
0.03397727012634277
0.04447746276855469
0.04008936882019043
0.044763803482055664
0.0355837345123291
0.04441213607788086
0.04199671745300293
0.04144001007080078
0.03346085548400879
0.04565620422363281
0.044267892837524414
0.04432821273803711
0.033905029296875
0.033715248107910156
0.03629660606384277
0.03384733200073242
0.034847259521484375
0.04494071006774902
0.03282356262207031
0.03435921669006348
0.0333247184753418
0.04027700424194336
0.046280622482299805
0.03467893600463867
0.03491997718811035
0.03360795974731445
0.04249882698059082
0.034308433532714844
0.0512232780456543
0.040897369384765625
0.041494131088256836
0.03613471984863281
0.035878896713256836
0.03665423393249512
0.047753334045410156
0.038332223892211914
0.03774619102478027
0.03628110885620117
0.03429436683654785
0.04147529602050781
0.0363154411315918
0.03509116172790527
0.03696799278259277
0.04481768608093262
0.03638291358947754
0.03542971611022949
0.03580284118652344
0.035279035568237305
0.03814697265625
0.043726205825805664
0.039237260818481445
0.04047083854675293
0.037465572357177734
0.038881778717041016
0.04076385498046875
0.03962206840515137
0.046263694763183594
0.036414146423339844
0.04332756996154785
0.03675651550292969
0.04403233528137207
0.035684823989868164
0.037166595458984375
0.03481578826904297
0.04571723937988281
0.03352928161621094
0.03470206260681152
0.03950667381286621
0.0434575080871582
0.034290313720703125
0.03467607498168945
0.03636336326599121
0.045432329177856445
0.03661036491394043
0.039061784744262695
0.037084341049194336
0.04906344413757324
0.035742759704589844
0.03616499900817871
0.03509807586669922
0.04961442947387695
0.035170793533325195
0.0360107421875
0.03540492057800293
0.03883028030395508
0.03725719451904297
0.03723621368408203
0.04297924041748047
0.03846001625061035
0.04877829551696777
0.03598833084106445
0.03435158729553223
0.043019771575927734
0.046791791915893555
0.035939931869506836
0.03577017784118652
0.03745627403259277
0.04091930389404297
0.038123130798339844
0.0344083309173584
0.041214942932128906
0.03442502021789551
0.05373692512512207
0.03676462173461914
0.04139566421508789
0.04058122634887695
0.0339205265045166
0.045766353607177734
0.033371686935424805
0.04329347610473633
0.038609981536865234
0.038297414779663086
0.03389763832092285
0.042484283447265625
0.04250931739807129
0.03403019905090332
0.03396892547607422
0.042147159576416016
0.04066896438598633
0.0346527099609375
0.034557342529296875
0.044225215911865234
0.0497896671295166
0.03410196304321289
0.04415750503540039
0.036505699157714844
0.03949332237243652
0.03688812255859375
0.0342562198638916
0.04290938377380371
0.04340004920959473
0.04549050331115723
0.03601527214050293
0.04061746597290039
0.0340423583984375
0.04185366630554199
0.03382468223571777
0.034540653228759766
0.033733367919921875
0.044275522232055664
0.03485465049743652
0.03385019302368164
0.03435564041137695
0.04503679275512695
0.03418374061584473
0.03795480728149414
0.04186868667602539
0.047179460525512695
0.038166046142578125
0.0362241268157959
0.035737037658691406
0.04643726348876953
0.03525137901306152
0.03642082214355469
0.04146122932434082
0.0368962287902832
0.04616951942443848
0.03697633743286133
0.03767037391662598
0.036216020584106445
0.037790775299072266
0.03574013710021973
0.037038326263427734
0.03400826454162598
0.03567767143249512
0.03645014762878418
0.03405022621154785
0.03538107872009277
0.03422141075134277
0.03353404998779297
0.033003807067871094
0.03214573860168457
0.03238558769226074
0.03180670738220215
0.03139352798461914
0.03115677833557129
0.04138755798339844
0.030075550079345703
0.03174018859863281
0.03115534782409668
0.039800167083740234
0.03775930404663086
0.04290294647216797
0.030829906463623047
0.031408071517944336
0.03756523132324219
0.03912091255187988
0.0315401554107666
0.03253889083862305
0.0357663631439209
0.04004693031311035
0.03184342384338379
0.031533002853393555
0.036121368408203125
0.041481733322143555
0.03240180015563965
0.032810211181640625
0.033597707748413086
0.03304100036621094
0.033288002014160156
0.03333163261413574
0.032155752182006836
0.040433645248413086
0.033158063888549805
0.032439470291137695
0.03290891647338867
0.03257942199707031
0.031322479248046875
0.031056880950927734
0.03084874153137207
0.03158283233642578
0.03161501884460449




// DATASET_1 ORB X_train: 29% - wrong data;  71% - correct data HIST TIME




0.03269791603088379
0.04111623764038086
0.032209157943725586
0.035756587982177734
0.030921459197998047
0.03358173370361328
0.0318608283996582
0.03179669380187988
0.033222198486328125
0.04593777656555176
0.032140254974365234
0.035536766052246094
0.03403902053833008
0.03520941734313965
0.035016536712646484
0.035027503967285156
0.036658525466918945
0.03207135200500488
0.037201881408691406
0.0382685661315918
0.03750753402709961
0.03242993354797363
0.0314488410949707
0.03675580024719238
0.03879833221435547
0.036925554275512695
0.039975881576538086
0.032273054122924805
0.04823756217956543
0.04042959213256836
0.03834986686706543
0.036682844161987305
0.03682994842529297
0.0321507453918457
0.034879207611083984
0.0348663330078125
0.045221805572509766
0.03160572052001953
0.031229257583618164
0.0337674617767334
0.03351306915283203
0.04770064353942871
0.032744407653808594
0.04407763481140137
0.03140115737915039
0.03663063049316406
0.004633426666259766
0.00436711311340332
0.005991697311401367
0.00555419921875
0.0071485042572021484
0.005842447280883789
0.0056269168853759766
0.03319549560546875
0.03176426887512207
0.031937599182128906
0.039032697677612305
0.0313107967376709
0.03189659118652344
0.03230094909667969
0.0447087287902832
0.03264737129211426
0.04360032081604004
0.03160905838012695
0.04448556900024414
0.03776049613952637
0.03489995002746582
0.034774065017700195
0.031062602996826172
0.03128695487976074
0.030780553817749023
0.03073740005493164
0.031104564666748047
0.030908584594726562
0.031058311462402344
0.030576229095458984
0.031239032745361328
0.030588865280151367
0.030667543411254883
0.031444549560546875
0.03140068054199219
0.03130054473876953
0.036406517028808594
0.03723645210266113
0.031004905700683594
0.031438589096069336
0.031336307525634766
0.030788183212280273
0.031394243240356445
0.03148078918457031
0.03888273239135742
0.03379082679748535
0.031595468521118164
0.03637194633483887
0.03855490684509277
0.031453847885131836
0.03275585174560547
0.032694101333618164
0.03188300132751465
0.033354997634887695
0.035828351974487305
0.03426671028137207
0.032067060470581055
0.03409099578857422
0.03268027305603027
0.03227090835571289
0.03568911552429199
0.034342050552368164
0.033211469650268555
0.03420543670654297
0.033011436462402344
0.0324552059173584
0.03578019142150879
0.033425092697143555
0.03662753105163574
0.034913063049316406
0.033333539962768555
0.03104710578918457
0.03822588920593262
0.03296685218811035
0.033370256423950195
0.03380537033081055
0.032649993896484375
0.03264665603637695
0.03730940818786621
0.035825252532958984
0.03797268867492676
0.03452587127685547
0.03433799743652344
0.03535127639770508
0.03403353691101074
0.03524518013000488
0.03528547286987305
0.03550291061401367
0.04379987716674805
0.03743314743041992
0.03541278839111328
0.037216901779174805
0.03572249412536621
0.036333322525024414
0.038431644439697266
0.038750410079956055
0.03538036346435547
0.0463409423828125
0.03539919853210449
0.03652834892272949
0.03707766532897949
0.035429954528808594
0.03807997703552246
0.03630423545837402
0.03611421585083008
0.036931514739990234
0.05439448356628418
0.03580427169799805
0.03335285186767578
0.03440713882446289
0.035768747329711914
0.03600335121154785
0.03416085243225098
0.034386634826660156
0.04613447189331055
0.03631925582885742
0.04511666297912598
0.03554987907409668
0.033065080642700195
0.04858207702636719
0.034409284591674805
0.03525972366333008
0.03382372856140137
0.03400707244873047
0.03356146812438965
0.03555893898010254
0.037665605545043945
0.03500533103942871
0.03748011589050293
0.03340315818786621
0.03452944755554199
0.03436541557312012
0.03482699394226074
0.036295413970947266
0.036333322525024414
0.035410404205322266
0.03744053840637207
0.03945469856262207
0.03570055961608887
0.035341501235961914
0.042220354080200195
0.03558826446533203
0.04701709747314453
0.042357683181762695
0.04256153106689453
0.042473793029785156
0.04228377342224121
0.03624463081359863
0.038374900817871094
0.036528825759887695
0.03685474395751953
0.04524946212768555
0.04206967353820801
0.042736053466796875
0.03535604476928711
0.03412365913391113
0.03336477279663086
0.041080474853515625
0.046065568923950195
0.03775811195373535
0.03895163536071777
0.03977179527282715
0.04367661476135254
0.037192583084106445
0.04388833045959473
0.04358172416687012
0.045508623123168945
0.03932476043701172
0.03732657432556152
0.0459444522857666
0.042160749435424805
0.04655194282531738
0.03507113456726074
0.04370260238647461
0.03617453575134277
0.035715579986572266
0.04967856407165527
0.03555488586425781
0.03612518310546875
0.04139351844787598
0.03626394271850586
0.045642852783203125
0.05478048324584961
0.04871702194213867
0.04267144203186035
0.04072284698486328
0.04453134536743164
0.05022549629211426
0.03540802001953125
0.04141736030578613
0.046170949935913086
0.04036355018615723
0.03543496131896973
0.052111148834228516
0.049102067947387695
0.044790029525756836
0.03551077842712402
0.04447293281555176
0.04351997375488281
0.04484081268310547
0.036124229431152344
0.03491926193237305
0.046270132064819336
0.04360032081604004
0.053281545639038086
0.060235023498535156
0.049573421478271484
0.04488849639892578
0.035333871841430664
0.03834056854248047
0.035169363021850586
0.03840041160583496
0.03487801551818848
0.03838229179382324
0.03600716590881348
0.03541421890258789
0.0395655632019043
0.047727346420288086
0.03652548789978027
0.03795647621154785
0.0375208854675293
0.03847074508666992
0.03544187545776367
0.06221437454223633
0.03801298141479492
0.03960895538330078
0.0388033390045166
0.03744649887084961
0.03753471374511719
0.04384493827819824
0.03718400001525879
0.03854680061340332
0.03765439987182617
0.036718130111694336
0.03750252723693848
0.0487971305847168
0.037862300872802734
0.03827261924743652
0.03770112991333008
0.0377655029296875
0.036611318588256836
0.039170026779174805
0.04238009452819824
0.03789043426513672
0.038054704666137695
0.0379948616027832
0.03725695610046387
0.03927016258239746
0.0361478328704834
0.03467154502868652
0.03612184524536133
0.03681659698486328
0.04123187065124512
0.03420686721801758
0.03475761413574219
0.034436702728271484
0.042154550552368164
0.036421775817871094
0.036023855209350586
0.03714752197265625
0.05016446113586426
0.0341181755065918
0.03339099884033203
0.04510784149169922
0.040544986724853516
0.03332972526550293
0.03716897964477539
0.036461830139160156
0.03975248336791992
0.03728222846984863
0.03557610511779785
0.04244089126586914
0.03883862495422363
0.034024953842163086
0.0333857536315918
0.03464818000793457
0.04052734375
0.04022812843322754
0.04526972770690918
0.03410816192626953
0.033979177474975586
0.03276348114013672
0.033917903900146484
0.03532838821411133
0.03522539138793945
0.03438162803649902
0.033646345138549805
0.034549713134765625
0.03379058837890625
0.034285783767700195
0.03533220291137695
0.03705191612243652
0.03387188911437988
0.03242635726928711
0.03914928436279297
0.03291940689086914
0.03448677062988281
0.03405880928039551
0.04071664810180664
0.03379106521606445
0.03522229194641113
0.051854610443115234
0.04198956489562988
0.03426766395568848
0.03633713722229004
0.0368044376373291
0.035547494888305664
0.034601688385009766
0.03493380546569824
0.033150434494018555
0.03870105743408203
0.0342717170715332
0.03380155563354492
0.03332686424255371
0.03316974639892578
0.033454179763793945
0.03252458572387695
0.03365635871887207
0.03307318687438965
0.032930612564086914
0.03324079513549805
0.032202720642089844
0.03449678421020508
0.03806805610656738
0.034023284912109375
0.03471708297729492
0.03408670425415039
0.03579854965209961
0.03741621971130371
0.035849571228027344
0.03815507888793945
0.03809237480163574
0.03709244728088379
0.03671860694885254
0.03731679916381836
0.03638458251953125
0.03921198844909668
0.037781476974487305
0.03733515739440918
0.03635072708129883
0.03657197952270508
0.03756833076477051
0.03619503974914551
0.03857159614562988
0.03507089614868164
0.03635358810424805
0.03394794464111328
0.03485751152038574
0.036305904388427734
0.03455018997192383
0.04792308807373047
0.034451961517333984
0.03360629081726074
0.03227496147155762
0.03755617141723633
0.042443275451660156
0.03220820426940918
0.03122878074645996
0.038062334060668945
0.03732180595397949
0.029778003692626953
0.03554511070251465
0.03881502151489258
0.03171086311340332
0.0319056510925293
0.037546634674072266
0.036023855209350586
0.03115677833557129
0.04053688049316406
0.037732601165771484
0.03698134422302246
0.03190970420837402
0.03175520896911621
0.038160085678100586
0.03761720657348633
0.032761573791503906
0.0318911075592041
0.04008078575134277
0.03902268409729004
0.03378129005432129
0.04480767250061035
0.03542351722717285
0.04018759727478027
0.03414440155029297
0.03186202049255371
0.03348350524902344
0.04074549674987793
0.031941890716552734
0.03277778625488281
0.0323483943939209
0.038068294525146484
0.03141450881958008
0.034932851791381836
0.031170368194580078
0.03147530555725098


// DATASET_1 ORB X_train: 29% - wrong data;  71% - correct data KMEANS TIME

0.03832578659057617
0.04106712341308594
0.045351266860961914
0.03947162628173828
0.04222416877746582
0.04182577133178711
0.0396268367767334
0.03840374946594238
0.03891301155090332
0.037690162658691406
0.04119420051574707
0.03460884094238281
0.03287196159362793
0.0317842960357666
0.030582189559936523
0.030643701553344727
0.028591632843017578
0.03064751625061035
0.0360417366027832
0.030912399291992188
0.031905174255371094
0.029408693313598633
0.028171539306640625
0.027751684188842773
0.02921915054321289
0.0356297492980957
0.03597569465637207
0.03268265724182129
0.03402376174926758
0.03909754753112793
0.04042506217956543
0.0340886116027832
0.03637242317199707
0.03452944755554199
0.030103445053100586
0.028085708618164062
0.029860973358154297
0.027718544006347656
0.02860569953918457
0.031591176986694336
0.03256988525390625
0.03227424621582031
0.03060436248779297
0.03283977508544922
0.02978038787841797
0.028966903686523438
0.028394222259521484
0.027428627014160156
0.027753114700317383
0.029023170471191406
0.02763676643371582
0.029157400131225586
0.03579521179199219
0.03163003921508789
0.032744646072387695
0.035390615463256836
0.03523111343383789
0.034707069396972656
0.033757686614990234
0.03186225891113281
0.03423428535461426
0.03176069259643555
0.027464628219604492
0.026208162307739258
0.0261838436126709
0.030100345611572266
0.035440921783447266
0.034639596939086914
0.029504776000976562
0.034873008728027344
0.04079103469848633
0.036620140075683594
0.034361839294433594
0.03700542449951172
0.04111313819885254
0.041535377502441406
0.03935885429382324
0.04934382438659668
0.046324968338012695
0.043050289154052734
0.04442930221557617
0.04360151290893555
0.037972450256347656
0.04145479202270508
0.03867340087890625
0.03657865524291992
0.03462505340576172
0.031013011932373047
0.030792236328125
0.031293392181396484
0.04406261444091797
0.040415048599243164
0.042803287506103516
0.046010732650756836
0.04585623741149902
0.044083356857299805
0.04687070846557617
0.044046878814697266
0.045754194259643555
0.039490461349487305
0.0413973331451416
0.03780245780944824
0.037058115005493164
0.04796409606933594
0.039128780364990234
0.04941391944885254
0.046799421310424805
0.04000973701477051
0.04270458221435547
0.04404902458190918
0.05134224891662598
0.04644775390625
0.03745579719543457
0.04195594787597656
0.03589606285095215
0.03819537162780762
0.03914904594421387
0.03744101524353027
0.030751943588256836
0.027428865432739258
0.026810407638549805
0.029132843017578125
0.03171491622924805
0.0329892635345459
0.02886199951171875
0.027062416076660156
0.02813100814819336
0.02783823013305664
0.03489542007446289
0.039110422134399414
0.059044837951660156
0.04030776023864746
0.03993487358093262
0.04090595245361328
0.040834665298461914
0.05075383186340332
0.04525160789489746
0.03750419616699219
0.036651611328125
0.04174375534057617
0.048369407653808594
0.0426630973815918
0.03701949119567871
0.041715145111083984
0.03857922554016113
0.031056642532348633
0.026731252670288086
0.029256343841552734
0.029195070266723633
0.02869868278503418
0.028972864151000977
0.0284116268157959
0.02755570411682129
0.03538227081298828
0.036884307861328125
0.03673696517944336
0.03481268882751465
0.039420366287231445
0.04141950607299805
0.042794227600097656
0.045919179916381836
0.04535984992980957
0.04719209671020508
0.04471158981323242
0.04382038116455078
0.04616832733154297
0.04704904556274414
0.04927825927734375
0.043294429779052734
0.041719913482666016
0.041101932525634766
0.0399022102355957
0.03848099708557129
0.03809928894042969
0.0411229133605957
0.039658308029174805
0.04014253616333008
0.035907745361328125
0.03593611717224121
0.04083538055419922
0.03626251220703125
0.03885531425476074
0.03428483009338379
0.03177523612976074
0.030017614364624023
0.030358314514160156
0.029164552688598633
0.02689337730407715
0.027779817581176758
0.03608536720275879
0.02824997901916504
0.029351234436035156
0.03084254264831543
0.034982919692993164
0.037058115005493164
0.04082465171813965
0.041603803634643555
0.03867936134338379
0.039525747299194336
0.04259347915649414
0.04261159896850586
0.040639638900756836
0.034929752349853516
0.03504347801208496
0.040813446044921875
0.0379178524017334
0.03531026840209961
0.034798622131347656
0.0310366153717041
0.029493331909179688
0.028730154037475586
0.02864670753479004
0.028661489486694336
0.028556108474731445
0.026539325714111328
0.02871537208557129
0.028880834579467773
0.02533888816833496
0.029183626174926758
0.033501625061035156
0.02676105499267578
0.028005361557006836
0.031896352767944336
0.0313105583190918
0.028551101684570312
0.026967525482177734
0.026752710342407227
0.026141643524169922
0.02952122688293457
0.02953314781188965
0.028384685516357422
0.030078411102294922
0.0348968505859375
0.0333099365234375
0.03329181671142578
0.034561872482299805
0.04689168930053711
0.053374290466308594
0.03565382957458496
0.035008907318115234
0.03711342811584473
0.043320417404174805
0.0321049690246582
0.04512429237365723
0.03073406219482422
0.029173851013183594
0.03191089630126953
0.03734445571899414
0.04218006134033203
0.03142523765563965
0.03526139259338379
0.03200888633728027
0.030809640884399414
0.028317928314208984
0.027281761169433594
0.031032562255859375
0.029392242431640625
0.027756929397583008
0.03354907035827637
0.03531980514526367
0.032666921615600586
0.032247066497802734
0.03383684158325195
0.03756999969482422
0.03379344940185547
0.04144740104675293
0.05060100555419922
0.03719210624694824
0.031278133392333984
0.03514242172241211
0.03849196434020996
0.03371143341064453
0.030897140502929688
0.031768083572387695
0.03041815757751465
0.03377580642700195
0.04302811622619629
0.03478050231933594
0.03466463088989258
0.0383145809173584
0.04371213912963867
0.034453392028808594
0.039346933364868164
0.032423973083496094
0.03225111961364746
0.036733388900756836
0.042391061782836914
0.04249095916748047
0.04383516311645508
0.04149508476257324
0.03760266304016113
0.03541994094848633
0.03432798385620117
0.04082369804382324
0.032614946365356445
0.026316165924072266
0.027988910675048828
0.03392386436462402
0.03554964065551758
0.04529881477355957
0.04041767120361328
0.03832197189331055
0.03882861137390137
0.040715932846069336
0.041399478912353516
0.03589320182800293
0.046027421951293945
0.0418858528137207
0.045035600662231445
0.06728482246398926
0.04111504554748535
0.04554009437561035
0.05147433280944824
0.04620194435119629
0.040972232818603516
0.03309488296508789
0.03291726112365723
0.03483414649963379
0.029285669326782227
0.026860713958740234
0.03316926956176758
0.02845621109008789
0.02900385856628418
0.029798507690429688
0.03619837760925293
0.03468179702758789
0.03600573539733887
0.03921794891357422
0.03956198692321777
0.035869598388671875
0.03500199317932129
0.034813642501831055
0.03303837776184082
0.03203177452087402
0.031385183334350586
0.029366016387939453
0.028121232986450195
0.028343677520751953
0.027025461196899414

// DATASET_2 ORB X_train: 29% - wrong data;  71% - correct data KMEANS TIME

0.02562546730041504
0.03100728988647461
0.042467355728149414
0.02813434600830078
0.032396793365478516
0.03235650062561035
0.02626514434814453
0.03316330909729004
0.0496213436126709
0.03397345542907715
0.04488849639892578
0.03756976127624512
0.03255271911621094
0.03476858139038086
0.031054973602294922
0.030512094497680664
0.03360867500305176
0.027330875396728516
0.02653670310974121
0.026396751403808594
0.02802753448486328
0.0263669490814209
0.026841163635253906
0.026957988739013672
0.027102947235107422
0.026094913482666016
0.026498079299926758
0.026839256286621094
0.02843189239501953
0.03157806396484375
0.027825117111206055
0.027375459671020508
0.028575897216796875
0.03304743766784668
0.026251792907714844
0.02650165557861328
0.02742910385131836
0.03289914131164551
0.02703237533569336
0.027538537979125977
0.027751684188842773
0.0330815315246582
0.031005382537841797
0.027178287506103516
0.027176856994628906
0.02872300148010254
0.02828049659729004
0.02833247184753418
0.027691364288330078
0.028386354446411133
0.028417587280273438
0.02907562255859375
0.029333114624023438
0.031339168548583984
0.03162360191345215
0.03373408317565918
0.04745292663574219
0.026745319366455078
0.026585817337036133
0.027129411697387695
0.03260636329650879
0.026669025421142578
0.030184030532836914
0.02646803855895996
0.03424239158630371
0.026905059814453125
0.026731491088867188
0.02656388282775879
0.026567935943603516
0.02747631072998047
0.027013063430786133
0.026633262634277344
0.02710247039794922
0.02858257293701172
0.03537750244140625
0.035193443298339844
0.03115701675415039
0.033296823501586914
0.029143571853637695
0.02971172332763672
0.041214704513549805
0.04116988182067871
0.037049293518066406
0.027867794036865234
0.02871870994567871
0.03804135322570801
0.037921905517578125
0.027912139892578125
0.027753114700317383
0.028243064880371094
0.0325467586517334
0.029370784759521484
0.03195071220397949
0.030565261840820312
0.032171010971069336
0.038285255432128906
0.032766103744506836
0.030089139938354492
0.04069828987121582
0.04006505012512207
0.03686976432800293
0.02979254722595215
0.03800559043884277
0.03147697448730469
0.03001236915588379
0.03032064437866211
0.03100442886352539
0.03327035903930664
0.03258466720581055
0.032113075256347656
0.031362056732177734
0.033501386642456055
0.030301332473754883
0.030745744705200195
0.03033447265625
0.040136098861694336
0.03319811820983887
0.033477067947387695
0.03658866882324219
0.03569531440734863
0.029850244522094727
0.03316664695739746
0.03985095024108887
0.0422666072845459
0.03043222427368164
0.02986598014831543
0.038674354553222656
0.03775286674499512
0.02916741371154785
0.030311107635498047
0.04028439521789551
0.03924751281738281
0.029607057571411133
0.029677391052246094
0.038988351821899414
0.034201860427856445
0.033299922943115234
0.03760242462158203
0.037664175033569336
0.02924633026123047
0.030111312866210938
0.032486677169799805
0.03172421455383301
0.03182864189147949
0.03256368637084961
0.031371116638183594
0.04338979721069336
0.029893875122070312
0.029809236526489258
0.04208207130432129
0.04207181930541992
0.030895709991455078
0.030687332153320312
0.03821372985839844
0.037332773208618164
0.047977447509765625
0.030957460403442383
0.029754161834716797
0.04206442832946777
0.04186582565307617
0.031042814254760742
0.030515670776367188
0.0380549430847168
0.03877997398376465
0.031502485275268555
0.03814554214477539
0.03713679313659668
0.036782026290893555
0.03529834747314453
0.03617119789123535
0.0405583381652832
0.040337324142456055
0.03174304962158203
0.04075193405151367
0.03442549705505371
0.035871028900146484
0.03314685821533203
0.04367423057556152
0.032991647720336914
0.03610968589782715
0.034178733825683594
0.041869401931762695
0.03508591651916504
0.041345834732055664
0.04051947593688965
0.04442882537841797
0.04016995429992676
0.032095909118652344
0.04258394241333008
0.03413510322570801
0.04402899742126465
0.032492876052856445
0.04292702674865723
0.03316497802734375
0.03114795684814453
0.029573917388916016
0.039107322692871094
0.02974557876586914
0.04791426658630371
0.04134178161621094
0.0345911979675293
0.034502506256103516
0.03560376167297363
0.045540809631347656
0.03472614288330078
0.037630558013916016
0.035335540771484375
0.04602241516113281
0.033577680587768555
0.043975114822387695
0.03301668167114258
0.04451107978820801
0.03205609321594238
0.032888174057006836
0.030676841735839844
0.040932416915893555
0.03735041618347168
0.030608415603637695
0.039026737213134766
0.030902862548828125
0.029958724975585938
0.03223013877868652
0.032305002212524414
0.03941488265991211
0.0402371883392334
0.03251528739929199
0.03466081619262695
0.033629655838012695
0.04154562950134277
0.03268313407897949
0.03177022933959961
0.04084324836730957
0.038869380950927734
0.031449317932128906
0.030724525451660156
0.030872106552124023
0.03223776817321777
0.041907548904418945
0.032384395599365234
0.029346704483032227
0.04034018516540527
0.04322409629821777
0.034698486328125
0.0310366153717041
0.04285550117492676
0.04144477844238281
0.03173041343688965
0.043764352798461914
0.04403233528137207
0.04144024848937988
0.034234046936035156
0.03812527656555176
0.03962349891662598
0.041475534439086914
0.03566455841064453
0.03674817085266113
0.045722007751464844
0.04178595542907715
0.03438997268676758
0.0313568115234375
0.04527616500854492
0.03265953063964844
0.03485512733459473
0.0408320426940918
0.04754376411437988
0.03355741500854492
0.03436470031738281
0.035256147384643555
0.03535580635070801
0.03218221664428711
0.03504133224487305
0.03339123725891113
0.03493905067443848
0.03235340118408203
0.034215688705444336
0.03199648857116699
0.034235239028930664
0.03465437889099121
0.036875009536743164
0.04087257385253906
0.03420376777648926
0.04048728942871094
0.03653979301452637
0.03252601623535156
0.03410005569458008
0.032930612564086914
0.033631086349487305
0.03249835968017578
0.031316518783569336
0.032649993896484375
0.035164594650268555
0.05239558219909668
0.030200719833374023
0.03119826316833496
0.030531883239746094
0.034705400466918945
0.03616929054260254
0.03386735916137695
0.030587434768676758
0.03087639808654785
0.029068470001220703
0.029952287673950195
0.029690265655517578
0.0293581485748291
0.028612852096557617
0.03242897987365723
0.0287015438079834
0.028197050094604492
0.03428244590759277
0.03493952751159668
0.03266501426696777
0.029243946075439453
0.028552770614624023
0.0282137393951416
0.029832124710083008
0.030655860900878906
0.02945113182067871
0.028880596160888672
0.028573989868164062
0.02898430824279785
0.028520822525024414
0.029653072357177734
0.030059337615966797
0.038782596588134766
0.02940964698791504
0.029374122619628906
0.030308961868286133
0.03796529769897461
0.0303952693939209
0.030618906021118164
0.02985548973083496
0.03489184379577637
0.028542757034301758
0.029570817947387695
0.03526163101196289
0.03780007362365723
0.03086686134338379
0.03096747398376465
0.02950763702392578
0.038298606872558594
0.02884197235107422
0.030330419540405273
0.030444860458374023
0.044058799743652344
0.03255605697631836
0.03040766716003418
0.029810190200805664
0.031040430068969727
0.029194355010986328
0.030937910079956055
0.0303800106048584
0.02934408187866211
0.030154943466186523
0.029150724411010742
0.02989029884338379
0.03163647651672363
0.03419852256774902
0.030031442642211914
0.029019594192504883
0.030131816864013672
0.028461694717407227
0.03042888641357422
0.030289649963378906
0.029465913772583008
0.029561996459960938
0.03038334846496582
0.02941131591796875
0.034371137619018555
0.03130030632019043
0.0326993465423584git
0.03556942939758301
0.032021522521972656
0.04325580596923828
0.04165315628051758
0.031752824783325195
0.032816171646118164
0.03577256202697754
0.04041767120361328
0.03364419937133789
0.03171992301940918
0.033091068267822266
0.04029250144958496
0.033499956130981445
0.031121015548706055
0.031358957290649414
0.0377812385559082
0.04129362106323242
0.03196310997009277
0.02946925163269043
0.03023362159729004
0.0399935245513916
0.03974008560180664
0.02796316146850586
0.02788066864013672
0.036061763763427734
0.03962850570678711
0.02795886993408203
0.026848554611206055
0.03605246543884277
0.03686857223510742
0.027082204818725586
0.02695631980895996
0.03645896911621094
0.04012942314147949
0.026513338088989258
0.0272061824798584
0.027969837188720703
0.03788042068481445
0.04493093490600586
0.027658939361572266
0.036206960678100586
0.03633475303649902
0.02824854850769043
0.028334379196166992
0.02765965461730957
0.028203248977661133
0.02845287322998047
0.027805566787719727
0.02817535400390625
0.02984142303466797
0.02912163734436035
0.03305816650390625
0.03620624542236328
0.03170156478881836
0.0380861759185791
0.031969308853149414
0.03493976593017578
0.02899026870727539
0.028473615646362305
0.0281219482421875
0.027029991149902344
0.029943227767944336
0.030440568923950195
